room: {width: 50.0, length: 50.0, height: 30.0}
mic_center: [0.0, 25.0, 0.3048]
speaker:
  position: [14.433756729740645, 39.433756729740644, 14.738556729740646]
  direction: [0.5773502691896258, 0.5773502691896258, 0.5773502691896258]
hemisphere_radius: 25.0
view_limits:
  x: [-5.0, 30.0]
  y: [0.0, 50.0]
  z: [0.0, 30.0]
